[ZZ_LTT1020_21112023.fits] 1 1981 300.00 1.085  3854.691  9418.732 LTT1020
 3900.00   8.3818E-14   50.000       33738.
 3950.00   7.4864E-14   50.000       34755.
 4000.00   9.4743E-14   50.000       52905.
 4050.00   9.8482E-14   50.000       61779.
 4100.00   9.7252E-14   50.000       68598.
 4150.00   9.9764E-14   50.000       79392.
 4200.00   9.7672E-14   50.000       85613.
 4250.00   9.4774E-14   50.000       90732.
 4300.00   8.8906E-14   50.000       93036.
 4350.00   9.3431E-14   50.000      105855.
 4400.00   9.6775E-14   50.000      118806.
 4450.00   9.9346E-14   50.000      131120.
 4500.00   1.0070E-13   50.000      140347.
 4550.00   1.0015E-13   50.000      146132.
 4600.00   1.0091E-13   50.000      155618.
 4650.00   1.0068E-13   50.000      165599.
 4700.00   1.0002E-13   50.000      174599.
 4750.00   9.9743E-14   50.000      183479.
 4800.00   9.9583E-14   50.000      188177.
 4850.00   9.5232E-14   50.000      187308.
 4900.00   9.7966E-14   50.000      195122.
 4950.00   9.8233E-14   50.000      200863.
 5000.00   9.7080E-14   50.000      204241.
 5050.00   9.6491E-14   50.000      210501.
 5100.00   9.6456E-14   50.000      215811.
 5150.00   9.4679E-14   50.000      216780.
 5200.00   9.3382E-14   50.000      215970.
 5250.00   9.5137E-14   50.000      223276.
 5300.00   9.5086E-14   50.000      225809.
 5350.00   9.4528E-14   50.000      227452.
 5400.00   9.3558E-14   50.000      230508.
 5450.00   9.3127E-14   50.000      233593.
 5500.00   9.3056E-14   50.000      238745.
 5550.00   9.2573E-14   50.000      242575.
 5600.00   9.1263E-14   50.000      241907.
 5650.00   9.0985E-14   50.000      245636.
 5700.00   8.9643E-14   50.000      243291.
 5750.00   8.9317E-14   50.000      242792.
 5800.00   8.9169E-14   50.000      242962.
 5850.00   8.8870E-14   50.000      245077.
 5900.00   8.7129E-14   50.000      239632.
 5950.00   8.6783E-14   50.000      241642.
 6000.00   8.5895E-14   50.000      243977.
 6050.00   8.5106E-14   50.000      244865.
 6100.00   8.4413E-14   50.000      245089.
 6150.00   8.3660E-14   50.000      243734.
 6200.00   8.3078E-14   50.000      244244.
 6250.00   8.1528E-14   50.000      240425.
 6300.00   7.9944E-14   50.000      235825.
 6350.00   8.0597E-14   50.000      236334.
 6400.00   7.9636E-14   50.000      232696.
 6450.00   7.8768E-14   50.000      227994.
 6500.00   7.7990E-14   50.000      222435.
 6550.00   7.3551E-14   50.000      209640.
 6600.00   7.6415E-14   50.000      218630.
 6650.00   7.6599E-14   50.000      219401.
 6700.00   7.6088E-14   50.000      217592.
 6750.00   7.5381E-14   50.000      217135.
 6800.00   7.4551E-14   50.000      214683.
 6850.00   7.0483E-14   50.000      203169.
 6900.00   6.6278E-14   50.000      190181.
 6950.00   7.1039E-14   50.000      198328.
 7000.00   7.0676E-14   50.000      196247.
 7050.00   7.0063E-14   50.000      194090.
 7100.00   6.9399E-14   50.000      190991.
 7150.00   6.7679E-14   50.000      181240.
 7200.00   6.4033E-14   50.000      161684.
 7250.00   6.4090E-14   50.000      168465.
 7300.00   6.4154E-14   50.000      158007.
 7350.00   6.5237E-14   50.000      163274.
 7400.00   6.5014E-14   50.000      160359.
 7450.00   6.4618E-14   50.000      156254.
 7500.00   6.3760E-14   50.000      152303.
 7550.00   6.3208E-14   50.000      147385.
 7600.00   4.0611E-14   50.000       95538.
 7650.00   4.4848E-14   50.000       99002.
 7700.00   6.0379E-14   50.000      129445.
 7750.00   6.0935E-14   50.000      127279.
 7800.00   6.0489E-14   50.000      122843.
 7850.00   5.9721E-14   50.000      116344.
 7900.00   5.9022E-14   50.000      111556.
 7950.00   5.8443E-14   50.000      106734.
 8000.00   5.7768E-14   50.000      103603.
 8050.00   5.7105E-14   50.000       99958.
 8100.00   5.6143E-14   50.000       94748.
 8150.00   5.2815E-14   50.000       81846.
 8200.00   5.2462E-14   50.000       80549.
 8250.00   5.2259E-14   50.000       77861.
 8300.00   5.2157E-14   50.000       76768.
 8350.00   5.2735E-14   50.000       78176.
 8400.00   5.2591E-14   50.000       78598.
 8450.00   5.2306E-14   50.000       77450.
 8500.00   5.1031E-14   50.000       75328.
 8550.00   4.9652E-14   50.000       73719.
 8600.00   5.0358E-14   50.000       75496.
 8650.00   4.8869E-14   50.000       74836.
 8700.00   4.8981E-14   50.000       76497.
 8750.00   4.8423E-14   50.000       76939.
 8800.00   4.7479E-14   50.000       75273.
 8850.00   4.7031E-14   50.000       74232.
 8900.00   4.6461E-14   50.000       73282.
 8950.00   4.4322E-14   50.000       66526.
 9000.00   4.1094E-14   50.000       58440.
 9050.00   4.2714E-14   50.000       62640.
 9100.00   4.0831E-14   50.000       56724.
 9150.00   4.0015E-14   50.000       53098.
 9200.00   4.1181E-14   50.000       54865.
 9250.00   4.0587E-14   50.000       51629.
 9300.00   3.4682E-14   50.000       36565.
 9350.00   2.6881E-14   50.000       22424.
